‘20 13110333 0330313051305

130133, 1113330105 0110 Ρ3310, 0105305003 0110 30 sora. que
50 0110100111 3 313331105, 30 03513133 0313 03310111οο3 105 030
103133 a 0031053150, 0513330 3103305 3135 30530 00113 3103-
1133333513 3130110 30 300110, y nviendo 13331103 001 135 01135
00105135 0 130305101105 31301135 003105510305, 0053 030 113513
3111 30 50 005133101313 13013 30 13 0331053111. 111ῑί010350 ami-
13305, 1000300113010305, 10510130010305; 00553103 03105 3311-
005; 1051131113 31301135 10105105 ospitales, consolando, 003105-
53330, 0 5000130330 105 0310131050031111105335, 03000113 013-
333 003133 30 030113 03 030113.

1015113103 13 031001, 130331 03 10 spiritual 0103100131051313
30 manera quesne 3000553110 10313103 30113 particular 031333ος
001030 510330 avia dias 0355333 13 0331053111, 30 0513113 3111
0015033 0031055333, 0 3103305 3101133 513 confession, y en todo
013300 30 0033 131553 3103131113 030 105 30310550 1031013313 ¹
de su Dios y Criador. Empeznron 03133005 3 105 01031031, 0
113301 3103335 01311035, 0 0310330103 535 30000105, y 3101105
3103335111305335, 001030 31301105 001 53 3053130310 03300133
grandes 300055133305; 0 03313310310 003 0510 013033103 31030
’ 30 30311105 131553 030330 13110503 3003 11033113, y por amor
de Dios 310103 31 Ρ3310 Ε511333 1133 1303100103 30 13 031001,
330330 30 1111105335, 030 01105003 1105 0133333305 1103113305
01310103 001 13 013333, 50 11110 333 0301113, 30330 03115503
131553; 0 1113050 30 3133013 030 30 solamente 01105, 3135 33330
31301135 031105 01135 50 03030 3111 0013 Dios 001 seren 3110.
0301001010350 3103305 01011005 3 30311105 311553 0011103100 30
3331100, 3135 00310 01 Ρ3310, potesta 01113 501 133 533013, 30-
50313 030 0303350 perpetua 0111310, 1131113 31 0111500, 01 0331
0350 33 03001133, 0500010330 01 3135 3010 030 hallo, 0 31610
010110 5313110 0333 330, 001030 33130315113550 105 5301331103-
10. Assy 030, 30311330 30 3503131 esto y 13 0301113 1100113 y con
3103305 013313103105 01105 0 033110101311105, 3033330 00133-
31031511330105105 1105 0133333305, que pedion 135111305335,
030503 1101311105 0301330110 50 03101033 03 servicio de 3305110
Senot, 30500313550 01 Ρ3310 13511333 3013031001 0 30 10305105

01105 310335101105, 03 030 50113 01031031, 003 5011110305; 0130
13313 13 5313333 ¹, 030 dexo por lo 33101030 10 103133 33551

¹ 30111313313,310130113.
² Lusitanice saudade, 30513011313.

 

